25

 0 | 2.0
0
3

 1 | 1.8
0
5

 2 | 1.5
0
7

 3 | 0.8
0
8

 4 | 2.0
0
11

 5 | 1.5
0, 1
6, 1

 6 | 1.5
0, 1, 0
4, 2, 2

 7 | 0.8
0, 1
9, 2

 8 | 1.3
1, 0, 1
4, 8, 4

 9 | 0.8
0
35

10 | 1.4
0, 1, 0, 1, 0, 1
5, 3, 5, 3, 5, 8

11 | 1.9
1, 0
10, 15

12 | 1.2
1, 0, 1, 0
5, 8, 5, 8

13 | 0.7
1, 0, 1
6, 12, 6

14 | 1.1
1
18

15 | 0.8
1, 0, 1, 0, 1, 0, 1, 0
6, 3, 6, 3, 6, 3, 6, 3

16 | 1.2
1, 2
15, 1

17 | 0.3
1
30

18 | 1.4
1, 2, 0, 1, 2
8, 2, 10, 4, 2

19 | 0.7
1, 2
20, 3

20 | 1.4
1, 2, 1, 2, 1, 2, 1, 2
4, 1, 4, 1, 4, 1, 4, 1

21 | 0.2
2
4

22 | 0.1
1
60

23 | 1.8
2
7

24 | 1.3
2, 1, 2, 1, 2, 1, 2, 1, 2, 1
1, 3, 1, 3, 1, 3, 1, 3, 1, 8